0 IRIDIUM 7
1 24793U 97020B   23256.57398464  .00000544  00000-0  18468-3 0  9990
2 24793  86.3902  86.0603 0002277  87.7164 272.4293 14.34885703379718
0 IRIDIUM 5
1 24795U 97020D   23256.39839167  .00006014  00000-0  61606-3 0  9992
2 24795  86.3995  17.3699 0127141 266.6665  92.0007 14.84421910389818
0 IRIDIUM 4
1 24796U 97020E   23256.61806128  .00000623  00000-0  20872-3 0  9999
2 24796  86.3897  83.3438 0002153  92.6626 267.4817 14.35791501380239
0 IRIDIUM 914
1 24836U 97030A   23256.55274973  .00000641  00000-0  19905-3 0  9990
2 24836  86.3876  93.8566 0002806 130.3695 229.7750 14.39584406514638
0 IRIDIUM 16
1 24841U 97030F   23256.60847409  .00000588  00000-0  18998-3 0  9993
2 24841  86.4005 115.1060 0003421  50.0405 310.1093 14.37484119374656
0 IRIDIUM 911
1 24842U 97030G   23256.58875106  .00000775  00000-0  21179-3 0  9999
2 24842  86.4431 114.4689 0016501  79.3301 280.9758 14.45991515382171
0 IRIDIUM 17
1 24870U 97034B   23256.61150341  .00000617  00000-0  20350-3 0  9990
2 24870  86.3998 144.7616 0001799  32.5369 327.5939 14.36586332371290
0 IRIDIUM 920
1 24871U 97034C   23256.57251027  .00000618  00000-0  18881-3 0  9996
2 24871  86.3969 125.5225 0013217  46.9910 313.2394 14.40300633374047
0 IRIDIUM 921
1 24873U 97034E   23256.53797671  .00021848  00000-0  87620-3 0  9999
2 24873  86.3834  63.7745 0004398 209.2909 150.8090 15.24881860432695
0 IRIDIUM 26
1 24903U 97043A   23256.40342999  .00000761  00000-0  25530-3 0  9991
2 24903  86.4005  20.2745 0002293  90.4791 269.6668 14.35990127364466
0 IRIDIUM 22
1 24907U 97043E   23256.45533636  .00000695  00000-0  23776-3 0  9996
2 24907  86.4003  23.2680 0002090  94.0821 266.0614 14.34901306364572
0 IRIDIUM 29
1 24944U 97051A   23256.47660537  .00000632  00000-0  21354-3 0  9990
2 24944  86.3936  53.2579 0002070  97.8588 262.2844 14.35363105361048
0 IRIDIUM 33
1 24946U 97051C   23256.53159186  .00000504  00000-0  17335-3 0  9994
2 24946  86.3853  52.5144 0008656  29.0447 331.1228 14.34104421360612
0 IRIDIUM 28
1 24948U 97051E   23256.52352052  .00000733  00000-0  24438-3 0  9998
2 24948  86.3946  51.1224 0002314  82.5319 277.6141 14.36282912361565
0 IRIDIUM 36
1 24967U 97056C   23256.55946599  .00000709  00000-0  23567-3 0  9997
2 24967  86.3910  82.7962 0001863  86.4204 273.7206 14.36389353359934
0 IRIDIUM 39
1 25042U 97069D   23256.55715711  .00000816  00000-0  21706-3 0  9998
2 25042  86.3913 126.3534 0016607 293.6372  66.3087 14.47345560355957
0 IRIDIUM 38
1 25043U 97069E   23256.23758380  .00000672  00000-0  22086-3 0  9995
2 25043  86.3995 143.4399 0004176  73.9916 286.1741 14.36870701353593
0 IRIDIUM 42
1 25077U 97077A   23256.24119858  .00000567  00000-0  19171-3 0  9997
2 25077  86.4012 148.8194 0002759  79.0217 281.1289 14.35188485348944
0 IRIDIUM 44
1 25078U 97077B   23256.59002208  .00000626  00000-0  19672-3 0  9998
2 25078  86.3965 132.3400 0002459  36.4843 323.6523 14.38970195351259
0 IRIDIUM 45
1 25104U 97082A   23256.29509695  .00022785  00000-0  14916-2 0  9998
2 25104  86.3833 351.8390 0183211 163.5416 197.1874 14.94788073355232
0 IRIDIUM 24
1 25105U 97082B   23256.39359180  .00000896  00000-0  27421-3 0  9997
2 25105  86.3975 352.4752 0012963  47.4693 312.7599 14.40720758350625
0 IRIDIUM 51
1 25262U 98018A   23256.34315652  .00025028  00000-0  14055-2 0  9994
2 25262  86.3990   2.4271 0170030 119.6522 242.1767 15.01632532349594
0 IRIDIUM 57
1 25273U 98019B   23256.56236910  .00000628  00000-0  21413-3 0  9996
2 25273  86.3939  54.3372 0002094  91.1470 268.9966 14.34892839332601
0 IRIDIUM 63
1 25286U 98021B   23256.33829260  .00000657  00000-0  22220-3 0  9993
2 25286  86.4048 351.3925 0002112  98.5834 261.5602 14.35402379331597
0 IRIDIUM 69
1 25319U 98026A   23256.38116336  .00001007  00000-0  31665-3 0  9996
2 25319  86.4046   6.5504 0002454  35.3296 324.8065 14.39554246330549
0 IRIDIUM 71
1 25320U 98026B   23256.37440390  .00000888  00000-0  27645-3 0  9996
2 25320  86.4040   1.3965 0003928  70.1671 289.9951 14.39897580331053
0 IRIDIUM 73
1 25344U 98032C   23256.59019461  .00000751  00000-0  18883-3 0  9997
2 25344  86.4436 319.2134 0002293  75.6499 284.4960 14.50014821337394
0 IRIDIUM 82
1 25467U 98051A   23256.46709985  .00021434  00000-0  12856-2 0  9991
2 25467  86.3930  56.2183 0149766 154.1670 206.7143 15.01800574326697
0 IRIDIUM 2
1 25527U 98066A   23256.56032838  .00037920  00000-0  96493-3 0  9998
2 25527  85.5187 117.8873 0004408 343.1464  16.9641 15.39417526364747
0 IRIDIUM 106
1 41917U 17003A   23256.56832017  .00000423  00000-0  14382-3 0  9993
2 41917  86.4017 149.6502 0002073  76.1126 284.0300 14.34218633348784
0 IRIDIUM 103
1 41918U 17003B   23256.20679005  .00000456  00000-0  15569-3 0  9995
2 41918  86.4018 149.7039 0002389  82.0064 278.1402 14.34216401348754
0 IRIDIUM 109
1 41919U 17003C   23256.21312815  .00000360  00000-0  12132-3 0  9997
2 41919  86.4024 149.7445 0002414  92.0589 268.0883 14.34213444348727
0 IRIDIUM 102
1 41920U 17003D   23256.25118322  .00000442  00000-0  15092-3 0  9999
2 41920  86.4018 149.6729 0002317  87.8459 272.3002 14.34214055348816
0 IRIDIUM 105
1 41921U 17003E   23256.57075125  .00000322  00000-0  10799-3 0  9994
2 41921  86.3949 117.9770 0002154  86.7373 273.4069 14.34213109350711
0 IRIDIUM 104
1 41922U 17003F   23256.19410090  .00000454  00000-0  15494-3 0  9990
2 41922  86.4017 149.7243 0002215  82.1982 277.9466 14.34220776348794
0 IRIDIUM 114
1 41923U 17003G   23256.61904800  .00000415  00000-0  14122-3 0  9999
2 41923  86.4015 149.5336 0001856  77.1362 283.0041 14.34214703348835
0 IRIDIUM 108
1 41924U 17003H   23256.57757465  .00000053  00000-0  11923-4 0  9993
2 41924  86.3941 117.9167 0002087  79.5363 280.6068 14.34216612350687
0 IRIDIUM 112
1 41925U 17003J   23256.39706092  .00000369  00000-0  12464-3 0  9994
2 41925  86.4013 149.5153 0002030  90.3520 269.7908 14.34215899348829
0 IRIDIUM 111
1 41926U 17003K   23256.24484115  .00000425  00000-0  14452-3 0  9990
2 41926  86.4015 149.6272 0002377  81.3572 278.7893 14.34220441348783
0 IRIDIUM 113
1 42803U 17039A   23256.43410763  .00000542  00000-0  18644-3 0  9990
2 42803  86.4014  23.2720 0002338  94.2421 265.9042 14.34221873326741
0 IRIDIUM 123
1 42804U 17039B   23256.47558584  .00000152  00000-0  47078-4 0  9990
2 42804  86.3944  54.7605 0002365  97.9476 262.1988 14.34219696325516
0 IRIDIUM 120
1 42805U 17039C   23256.42777456  .00000587  00000-0  20249-3 0  9999
2 42805  86.4003  23.1879 0002201  91.6389 268.5059 14.34218663326737
0 IRIDIUM 115
1 42806U 17039D   23256.39784321 -.00001163  00000-0 -35166-3 0  9992
2 42806  86.4542  23.1859 0002258  92.3567 267.7892 14.43307293328907
0 IRIDIUM 118
1 42807U 17039E   23256.50731257  .00000163  00000-0  51087-4 0  9994
2 42807  86.3945  54.7498 0002086  93.3350 266.8084 14.34219112325512
0 IRIDIUM 117
1 42808U 17039F   23256.52632809  .00000178  00000-0  56560-4 0  9997
2 42808  86.3944  54.7085 0002167  91.7930 268.3514 14.34218974325543
0 IRIDIUM 126
1 42809U 17039G   23256.48193024  .00000157  00000-0  48969-4 0  9995
2 42809  86.3946  54.7622 0002340  92.6633 267.4831 14.34219558325514
0 IRIDIUM 124
1 42810U 17039H   23256.18997568  .00000711  00000-0  20522-3 0  9999
2 42810  86.4555 351.6589 0002068  91.8637 268.2801 14.43283893329722
0 IRIDIUM 128
1 42811U 17039J   23256.61221462  .00000164  00000-0  51395-4 0  9996
2 42811  86.3909  86.2590 0002221  85.8907 274.2543 14.34219243325568
0 IRIDIUM 121
1 42812U 17039K   23256.50096207  .00000167  00000-0  52505-4 0  9999
2 42812  86.3947  54.7755 0002141  91.8328 268.3113 14.34218456325392
0 IRIDIUM 133
1 42955U 17061A   23256.57415417  .00000162  00000-0  50756-4 0  9998
2 42955  86.3913  86.3683 0002299  90.2100 269.9359 14.34219836310351
0 IRIDIUM 100
1 42956U 17061B   23256.56781014  .00000158  00000-0  49219-4 0  9994
2 42956  86.3909  86.3132 0002219  88.6582 271.4868 14.34217896310350
0 IRIDIUM 122
1 42957U 17061C   23256.60587070  .00000168  00000-0  52933-4 0  9994
2 42957  86.3909  86.2948 0002264  85.5103 274.6351 14.34218453310363
0 IRIDIUM 129
1 42958U 17061D   23256.56147752  .00000157  00000-0  48917-4 0  9994
2 42958  86.3910  86.3700 0002258  88.1131 272.0323 14.34217602310373
0 IRIDIUM 119
1 42959U 17061E   23256.59953881  .00000172  00000-0  54290-4 0  9994
2 42959  86.3912  86.3446 0002318  85.2812 274.8648 14.34217082310398
0 IRIDIUM 107
1 42960U 17061F   23256.61855743  .00000180  00000-0  57177-4 0  9993
2 42960  86.3911  86.3518 0002201  82.2916 277.8530 14.34219080310407
0 IRIDIUM 132
1 42961U 17061G   23256.55513971  .00000158  00000-0  49434-4 0  9993
2 42961  86.3909  86.3645 0002263  84.4385 275.7069 14.34216514310399
0 IRIDIUM 136
1 42962U 17061H   23256.58684906  .00000154  00000-0  47840-4 0  9999
2 42962  86.3912  86.3534 0002283  92.3498 267.7960 14.34218579310413
0 IRIDIUM 139
1 42963U 17061J   23256.52341117  .00000165  00000-0  51876-4 0  9994
2 42963  86.3912  86.4260 0002204  83.4819 276.6628 14.34217105310416
0 IRIDIUM 125
1 42964U 17061K   23256.58050258  .00000171  00000-0  54167-4 0  9997
2 42964  86.3915  86.4448 0002286  84.0216 276.1240 14.34218767310438
0 IRIDIUM 135
1 43070U 17083A   23256.41508605  .00000534  00000-0  18375-3 0  9999
2 43070  86.4009  23.1822 0001747  91.7730 268.3666 14.34220342299706
0 IRIDIUM 138
1 43071U 17083B   23256.44045308  .00000206  00000-0  66370-4 0  9994
2 43071  86.3998  22.9241 0002315  92.1842 267.9619 14.34217974299694
0 IRIDIUM 116
1 43072U 17083C   23256.40873555  .00000218  00000-0  70701-4 0  9990
2 43072  86.4010  23.1830 0002015  99.1559 260.9865 14.34216856299725
0 IRIDIUM 130
1 43073U 17083D   23256.44679961  .00000526  00000-0  18084-3 0  9997
2 43073  86.4014  23.3441 0002197  95.1151 265.0295 14.34218186299670
0 IRIDIUM 151
1 43074U 17083E   23256.42142530  .00000457  00000-0  15602-3 0  9999
2 43074  86.4011  23.2125 0002102  99.7637 260.3797 14.34216727299697
0 IRIDIUM 134
1 43075U 17083F   23256.45947966  .00000450  00000-0  15375-3 0  9999
2 43075  86.4009  23.1906 0002150  90.8625 269.2817 14.34220702299669
0 IRIDIUM 137
1 43076U 17083G   23256.40239870  .00000535  00000-0  18383-3 0  9999
2 43076  86.4012  23.2875 0001921 100.5111 259.6301 14.34218607299723
0 IRIDIUM 141
1 43077U 17083H   23256.39605524  .00000838  00000-0  29227-3 0  9996
2 43077  86.4007  23.1773 0002310  97.0314 263.1144 14.34219654299720
0 IRIDIUM 153
1 43078U 17083J   23256.34823847  .00000569  00000-0  19613-3 0  9991
2 43078  86.4033 351.6729 0002531  93.4181 266.7304 14.34219123300829
0 IRIDIUM 131
1 43079U 17083K   23256.45314325  .00000483  00000-0  16525-3 0  9994
2 43079  86.4013  23.2723 0002207  94.2734 265.8714 14.34217849299664
0 IRIDIUM 144
1 43249U 18030A   23256.35458025  .00000519  00000-0  17842-3 0  9994
2 43249  86.4031 351.6257 0002031  89.1894 270.9534 14.34216045285689
0 IRIDIUM 149
1 43250U 18030B   23256.36091904  .00000616  00000-0  21294-3 0  9990
2 43250  86.4029 351.6008 0002013  90.4872 269.6554 14.34218947285706
0 IRIDIUM 157
1 43251U 18030C   23256.31018007  .00000490  00000-0  16777-3 0  9999
2 43251  86.4030 351.6532 0002248  98.2761 261.8689 14.34220324285675
0 IRIDIUM 140
1 43252U 18030D   23256.32919998  .00000162  00000-0  50614-4 0  9995
2 43252  86.4031 351.6599 0002175  84.8428 275.3016 14.34214245285736
0 IRIDIUM 145
1 43253U 18030E   23256.31652580  .00000528  00000-0  18164-3 0  9995
2 43253  86.4028 351.6398 0001808  86.8863 273.2539 14.34218691285665
0 IRIDIUM 146
1 43254U 18030F   23256.36725954  .00000427  00000-0  14542-3 0  9991
2 43254  86.4029 351.6342 0001933  94.2612 265.8804 14.34220004285685
0 IRIDIUM 148
1 43255U 18030G   23256.33555170  .00000712  00000-0  24704-3 0  9998
2 43255  86.4030 351.6754 0001892  96.1748 263.9663 14.34219932285714
0 IRIDIUM 142
1 43256U 18030H   23256.37360413  .00000479  00000-0  16392-3 0  9991
2 43256  86.4029 351.5855 0001976  94.2080 265.9342 14.34218584285689
0 IRIDIUM 150
1 43257U 18030J   23256.34189533  .00000493  00000-0  16899-3 0  9999
2 43257  86.4031 351.6822 0002234  85.2189 274.9262 14.34219819285702
0 IRIDIUM 143
1 43258U 18030K   23256.46240069  .00000516  00000-0  17712-3 0  9996
2 43258  86.4034 351.6842 0001915  92.5249 267.6167 14.34218020285651
0 IRIDIUM 161
1 43478U 18047C   23256.23726499  .00000621  00000-0  17853-3 0  9992
2 43478  86.4538 149.7599 0002268  81.2957 278.8501 14.43282128279752
0 IRIDIUM 152
1 43479U 18047D   23256.22581435  .00000470  00000-0  16084-3 0  9998
2 43479  86.4012 149.6249 0001897  83.0844 277.0568 14.34222679278010
0 IRIDIUM 147
1 43480U 18047E   23256.23215742  .00000338  00000-0  11373-3 0  9995
2 43480  86.4013 149.6098 0002259  86.2481 273.8973 14.34219751278011
0 IRIDIUM 110
1 43481U 18047F   23256.23848993  .00000074  00000-0  19268-4 0  9995
2 43481  86.4015 149.6725 0002436  83.1339 277.0134 14.34212825278005
0 IRIDIUM 162
1 43482U 18047G   23256.09224371  .00000568  00000-0  16294-3 0  9991
2 43482  86.4537 149.7244 0002200  82.5089 277.6361 14.43291529279722
0 IRIDIUM 160
1 43569U 18061A   23256.53317538  .00000337  00000-0  11335-3 0  9995
2 43569  86.3945 117.9380 0002028  92.1519 267.9909 14.34214312268948
0 IRIDIUM 166
1 43570U 18061B   23256.55854592  .00000366  00000-0  12376-3 0  9993
2 43570  86.3944 117.8916 0002061  79.3813 280.7615 14.34220068268979
0 IRIDIUM 158
1 43571U 18061C   23256.52683836  .00000409  00000-0  13893-3 0  9995
2 43571  86.3944 117.9138 0001715  81.8320 278.3071 14.34218323268939
0 IRIDIUM 165
1 43572U 18061D   23256.55221322  .00000407  00000-0  13832-3 0  9998
2 43572  86.3947 117.9305 0001659  82.1232 278.0152 14.34217349268969
0 IRIDIUM 155
1 43573U 18061E   23256.58392465  .00000408  00000-0  13852-3 0  9992
2 43573  86.3943 117.8358 0002326  82.9986 277.1474 14.34219759268930
0 IRIDIUM 154
1 43574U 18061F   23256.56488783  .00000370  00000-0  12518-3 0  9996
2 43574  86.3946 117.9283 0001973  93.3371 266.8051 14.34219864268981
0 IRIDIUM 163
1 43575U 18061G   23256.54586444  .00000409  00000-0  13881-3 0  9995
2 43575  86.3944 117.8829 0002000  87.7629 272.3795 14.34219906268951
0 IRIDIUM 156
1 43576U 18061H   23256.10188213  .00000403  00000-0  13676-3 0  9996
2 43576  86.3944 118.0744 0002073  78.2253 281.9175 14.34219693268882
0 IRIDIUM 164
1 43577U 18061J   23255.59446665  .00000333  00000-0  11182-3 0  9999
2 43577  86.3947 118.3114 0001868  81.6312 278.5095 14.34221368268857
0 IRIDIUM 159
1 43578U 18061K   23256.53952193  .00000385  00000-0  13028-3 0  9991
2 43578  86.3942 117.8742 0002123  87.8682 272.2757 14.34219455268958
0 IRIDIUM 180
1 43922U 19002A   23256.53900939  .00000165  00000-0  51990-4 0  9998
2 43922  86.3945  54.7026 0001948  95.6357 264.5061 14.34220092244560
0 IRIDIUM 176
1 43923U 19002B   23256.46974828  .00000672  00000-0  10269-3 0  9995
2 43923  86.6075  54.7662 0002253  90.3368 269.8107 14.72259942250988
0 IRIDIUM 168
1 43924U 19002C   23256.53268291  .00000156  00000-0  48706-4 0  9999
2 43924  86.3947  54.7540 0002044  93.1494 266.9935 14.34217846244545
0 IRIDIUM 173
1 43925U 19002D   23256.52000111  .00000170  00000-0  53709-4 0  9999
2 43925  86.3943  54.6894 0002111  94.1541 265.9896 14.34219209244520
0 IRIDIUM 169
1 43926U 19002E   23256.04130106  .00000183  00000-0  53247-4 0  9996
2 43926  86.4167  86.5270 0005333  74.2520 285.9266 14.38620476245280
0 IRIDIUM 172
1 43927U 19002F   23256.51363518  .00000160  00000-0  50133-4 0  9990
2 43927  86.3945  54.6971 0002016  94.1970 265.9456 14.34216792244537
0 IRIDIUM 175
1 43928U 19002G   23256.46349944  .00001833  00000-0  28653-3 0  9991
2 43928  86.1512  43.6075 0002226  91.7676 268.3795 14.72273693250971
0 IRIDIUM 171
1 43929U 19002H   23256.49461527  .00000161  00000-0  50526-4 0  9995
2 43929  86.3953  54.8996 0001925  93.1811 266.9605 14.34219426244521
0 IRIDIUM 170
1 43930U 19002J   23256.47589847  .00000669  00000-0  10220-3 0  9990
2 43930  86.6076  54.7684 0002315  88.4817 271.6666 14.72262348250993
0 IRIDIUM 167
1 43931U 19002K   23256.48827651  .00000170  00000-0  53769-4 0  9993
2 43931  86.3944  54.7211 0001962  92.3842 267.7579 14.34218993244526
0 IRIDIUM 181
1 56726U 23068S   23256.56356126  .00000200  00000-0  53249-4 0  9996
2 56726  86.8572  94.9945 0001770  49.2113 310.9242 14.43570764 17087
0 IRIDIUM 177
1 56727U 23068T   23256.58535678  .00000756  00000-0  96054-4 0  9997
2 56727  86.1925  87.1577 0002023  95.5277 264.6175 14.80214537 17315
0 IRIDIUM 174
1 56728U 23068U   23256.57992279  .00000753  00000-0  95606-4 0  9990
2 56728  86.1931  87.2415 0002402  90.2674 269.8822 14.80214327 17312
0 IRIDIUM 178
1 56729U 23068V   23256.57414162  .00000707  00000-0  89687-4 0  9992
2 56729  86.5726  91.5574 0002421  94.7635 265.3863 14.80205460 17314
0 IRIDIUM 179
1 56730U 23068W   23256.56874470  .00000714  00000-0  90551-4 0  9995
2 56730  86.6736  92.1994 0002275  94.9078 265.2404 14.80205682 17317