0 MOLNIYA 2-9
1 07276U 74026A   23255.87313569  .00000127  00000-0  00000-0 0  9990
2 07276  64.2767 166.0101 6378744 274.9582  20.1258  2.45097340260300
0 MOLNIYA 2-10
1 07376U 74056A   23254.85363675 -.00001282  00000-0  00000-0 0  9998
2 07376  64.8193  47.0126 6820215 282.5253  14.2140  2.01132214359439
0 MOLNIYA 1-29
1  7780U 75036A   23255.81650148  .00000232  00000-0 -17659+0 0  9998
2  7780  63.4293 167.5079 6726071 286.0784  13.7683  2.00614019354722
0 MOLNIYA 2-14
1 08195U 75081A   23254.97471088  .00000709  00000-0  00000-0 0  9990
2 08195  63.4411 141.0610 6691372 290.5742  12.7541  2.02056233352014
0 MOLNIYA 1-32
1  8601U 76006A   23256.96575869 -.00000377  00000-0  00000+0 0  9994
2  8601  63.5910 239.1854 7002840 283.5120  12.6016  1.99958129348076
0 MOLNIYA 1-36
1 09880U 77021A   23256.04456217  .00001273  00000-0  00000-0 0  9992
2 09880  63.5153 213.3230 6911069 288.8246  11.7845  2.00514784238442
0 MOLNIYA 3-8
1 10455U 77105A   23255.20775929  .00001005  00000-0 -68440-3 0  9995
2 10455  63.6328 291.7507 7227698 282.7422  11.5390  2.00762920336205
0 MOLNIYA 1-40
1 10925U 78055A   23256.33189906  .00000769  00000-0  00000-0 0  9991
2 10925  63.8043 343.7901 7243328 280.4048  12.1557  2.00634389331761
0 MOLNIYA 3-10
1 11057U 78095A   23256.90002732 -.00000196  00000-0 -11774-2 0  9994
2 11057  63.2685 234.1952 5736698 313.6655  11.1062  4.09893048402311
0 MOLNIYA 3-13
1 11896U 80063A   23255.56866850  .00000369  00000-0  00000-0 0  9991
2 11896  63.0015  76.4611 7252500 277.4479  12.7288  2.00639916316169
0 MOLNIYA 1-49
1 12156U 81009A   23247.95751647  .00001544  00000-0  95595-3 0  9995
2 12156  61.7345  92.8363 7455485 270.4986  13.2301  2.05863706230639
0 MOLNIYA 1-52
1 13012U 81123A   23256.83578430 -.00001187  00000-0 -98194-2 0  9990
2 13012  61.5242 214.8110 7150173 260.8995  19.2502  2.00603175305741
0 MOLNIYA 1-53
1 13070U 82015A   23256.87340229  .00001373  00000-0  16912-1 0  9994
2 13070  62.6504 160.5177 6920344 283.3005  13.3328  2.00752184304345
0 MOLNIYA 3-20
1 13875U 83015A   23256.11334126 -.00000045  00000-0 -40838-2 0  9996
2 13875  62.1452 281.6778 7310448 263.0160  16.8778  2.00394822232790
0 MOLNIYA 1-56
1 13890U 83019A   23256.25786288  .00001568  00000-0  15075-2 0  9996
2 13890  62.6865 305.2527 7392043 268.3936  14.3725  1.99965226295653
0 MOLNIYA 1-62
1 15214U 84089A   23242.38592140  .00255044  33208-6  11497-1 0  9992
2 15214  61.5295 299.9502 7209231  51.1148 353.5385  2.40855232   411
0 MOLNIYA 1-63
1 15429U 84124A   23255.18631618  .00000891  00000-0  00000-0 0  9999
2 15429  63.5873 121.9415 6868136 256.9388 348.5083  2.00372450283813
0 MOLNIYA 3-24
1 15738U 85040A   23255.37590058  .00000027  00000-0  10158-2 0  9991
2 15738  63.3034 355.3291 6913252 247.7069  29.2303  2.55635967315428
0 MOLNIYA 3-27
1 16393U 85117A   23253.79760272 -.00000012  00000-0  00000-0 0  9993
2 16393  63.9985  19.4924 7131646 245.9334  27.7845  2.12398330283749
0 MOLNIYA 1-69
1 17078U 86089A   23255.05935761 -.00000906  00000-0  00000+0 0  9992
2 17078  63.9848 141.7938 6843838 254.1676  25.8545  2.00770865269918
0 MOLNIYA 3-31
1 17328U 87008A   23256.54742734  .00000415  00000-0  00000-0 0  9998
2 17328  63.5047  70.0882 7276844 252.9328  21.8788  2.00587678264955
0 MOLNIYA 1-71
1 18946U 88017A   23254.49579533 -.00000215  00000-0 -19727-3 0  9992
2 18946  63.2598  60.2294 7374194 256.7439  19.0161  2.00671518260104
0 MOLNIYA 1-75
1 19807U 89014A   23255.05851090  .00000967  00000-0  00000-0 0  9994
2 19807  63.7985 237.2387 6684138 264.1480  22.1393  2.00236653253050
0 MOLNIYA 1-80
1 21118U 91012A   23256.27157218  .00000608  00000-0  00000-0 0  9991
2 21118  65.1202 285.3642 6629653 271.6194  19.4004  2.05239470240273
0 MOLNIYA 3-40
1 21196U 91022A   23257.01325316 -.00001041  00000-0  00000+0 0  9999
2 21196  64.9594 279.1814 6654846 268.6432  20.3979  2.03014517238860
0 MOLNIYA 1-81
1 21426U 91043A   23256.14240275  .00000092  00000-0  00000-0 0  9996
2 21426  63.7779 287.8816 6981147 264.6351  19.2121  2.00621133236240
0 MOLNIYA 3-41
1 21706U 91065A   23254.58170661 -.00001200  00000-0  00000-0 0  9991
2 21706  64.0123 113.4299 7086435 252.2406  24.2878  2.04357576236086
0 MOLNIYA 3-42
1 22178U 92067A   23256.08083436  .00000117  00000-0  00000-0 0  9993
2 22178  64.6748 168.5001 6471282 259.5195  26.7412  2.20434811 90033
0 MOLNIYA 1-86
1 22671U 93035A   23257.31663854  .00000129  00000-0  29199-3 0  9998
2 22671  63.1112 333.0135 4849239  14.0708 355.7439  5.62972455377795
0 MOLNIYA 1-87
1 22949U 93079A   23252.12602530  .00001114  00000-0  00000+0 0  9993
2 22949  64.5813  39.7457 6962478 281.0183  13.7102  2.02853147218383
0 MOLNIYA 1-88
1 23420U 94081A   23255.21819050  .00000025  00000-0  00000-0 0  9993
2 23420  64.3302  95.8254 5844157 274.7109  24.7143  3.34494531128815
0 MOLNIYA 3-47
1 23642U 95042A   23256.34802288 -.00001133  00000-0  00000-0 0  9999
2 23642  64.7236  20.6933 6977278 281.1170  13.6656  2.01977681206169
0 MOLNIYA 1-90
1 24960U 97054A   23256.51257525 -.00000005  00000-0  17503-2 0  9990
2 24960  63.9719  60.5297 6103520 294.9307  14.8736  3.18686717222527
0 MOLNIYA 1-91
1 25485U 98054A   23256.79252571  .00000024  00000-0  00000+0 0  9991
2 25485  63.4709  79.4210 6799992 291.5789  11.8124  2.36441600189090
0 MOLNIYA 3-50
1 25847U 99036A   23257.09551248  .00000181  00000-0 -17488-1 0  9996
2 25847  63.4004 268.4937 7186608 282.8679  11.6562  2.00621675177210