0 CHINASAT-26
1 55686U 23023A   23255.89409493 -.00000362  00000-0  00000-0 0  9995
2 55686   0.0519  84.1602 0002739  31.1969 323.3005  1.00272059  2114
0 LUCH (OLYMP) 2
1 55841U 23031A   23255.76528635  .00000053  00000-0  00000-0 0  9999
2 55841   0.0243 237.2899 0001345 256.1589 142.4835  1.00274239  1841
0 GAOFEN 13 02
1 55912U 23036A   23255.63904372 -.00000244  00000-0  00000-0 0  9998
2 55912   2.6509 301.6500 0003574 289.7163 136.6222  1.00267372  1984
0 SES 18
1 55970U 23038A   23256.06370189 -.00000109  00000-0  00000+0 0  9994
2 55970   0.0532 265.8869 0001729 313.1557  52.5950  1.00273465  2002
0 SES 19
1 55971U 23038B   23255.64548472  .00000079  00000-0  00000-0 0  9996
2 55971   0.0396 282.7735 0001565 244.6443 281.4333  1.00273644  1951
0 INTELSAT 40E
1 56174U 23052A   23255.92272536 -.00000182  00000-0  00000+0 0  9999
2 56174   0.0113 163.6579 0002925  17.2834  51.8906  1.00270680  1723
0 VIASAT 3
1 56370U 23060A   23255.69800991  .00000113  00000-0  00000-0 0  9996
2 56370   0.0631  91.7674 0000786 193.0298 177.4214  0.99763278  1334
0 ARCTURUS
1 56371U 23060B   23255.69357177  .00000119  00000-0  00000-0 0  9996
2 56371   0.1606  87.7621 0001935 141.6599 208.6987  1.00270823  1342
0 GS-1
1 56372U 23060C   23255.09077059 -.00000372  00000-0  00000-0 0  9991
2 56372   0.3411  84.6534 0001197  73.6968 341.6239  1.00275686  1308
0 BEIDOU 3 G4
1 56564U 23066A   23255.82950098 -.00000122  00000-0  00000-0 0  9997
2 56564   2.8250 288.7619 0006665 214.6470 306.7834  1.00273285  1283
0 NVS-01
1 56759U 23076A   23255.82349642 -.00000351  00000-0  00000-0 0  9995
2 56759   4.7194 271.9058 0006208 336.4903 169.1085  1.00270399  1007
0 H2SAT
1 57213U 23093A   23256.08383005 -.00000007  00000-0  00000+0 0  9997
2 57213   0.0129 150.0708 0001028  41.1638 191.2450  1.00270924   767
0 GALAXY 37
1 57493U 23112A   23256.05473856  .00000122  00000-0  00000+0 0  9997
2 57493   0.0125 165.1230 0003546  74.4837 343.9367  1.00270680   400
0 LUDI TANCE-4 01A
1 57624U 23120A   23255.92514730 -.00000201  00000-0  00000+0 0  9993
2 57624  16.0749 218.3169 0002030 298.6042 257.1079  1.00281283   421