0 CHINASAT 18
1 44493U 19053A   23254.37117920  .00028488  45092-6  82952-3 0  9993
2 44493  28.3343 248.8391 6905477  99.8343 338.0993  2.81626949 36942
0 COSMOS 2541
1 44552U 19065A   23255.85747966 -.00000760  00000-0  00000+0 0  9993
2 44552  62.9093 254.2605 6759132 272.1129  18.0686  2.00571272 29020
0 MERIDIAN 9
1 45254U 20015A   23255.54951935  .00000078  00000-0  00000-0 0  9991
2 45254  64.0027  72.6833 6927074 291.1683  11.1952  2.00601388 26055
0 COSMOS 2546
1 45608U 20031A   23254.11495267 -.00000191  00000-0  00000-0 0  9992
2 45608  63.1416 177.6190 6616531 265.9163  22.0040  2.00609319 24203
0 CHANG'E 5
1 47097U 20087A   23245.60450271 -.00006183  00000-0  00000-0 0  9994
2 47097  29.6824   4.6784 4162704 239.4948 116.4445  0.04173154   215